Benchmarks	sim_seconds	system.cpu.cpi	system.cpu.dcache.overall_miss_rate::total	system.cpu.icache.overall_miss_rate::total	system.l2.overall_miss_rate::total
mcf_cl_size_16kB	0.128124	1.281242	0.005740	0.000063	0.753585
mcf_cl_size_32kB	0.116603	1.166034	0.005467	0.000048	0.527105
mcf_cl_size_64kB	0.115552	1.155519	0.004395	0.000042	0.368434
mcf_cl_size_128kB	0.114074	1.140741	0.003990	0.000034	0.219058
mcf_cl_size_256kB	0.119774	1.197744	0.013180	0.000033	0.035791

mcf_l1d_assoc_1		0.114495	1.144950	0.002363	0.000042	0.764634
mcf_l1d_assoc_2		0.114513	1.145131	0.002452	0.000042	0.716476
mcf_l1d_assoc_4		0.114493	1.144925	0.002375	0.000042	0.751063
mcf_l1d_assoc_8		0.114469	1.144692	0.002344	0.000042	0.765506
mcf_l1d_assoc_16	0.114495	1.144950	0.002363	0.000042	0.764634

mcf_l1d_size_8kB	0.148476	1.484758	0.051617	0.000042	0.030285
mcf_l1d_size_16kB	0.119283	1.192832	0.011895	0.000042	0.134910
mcf_l1d_size_32kB	0.115552	1.155519	0.004395	0.000042	0.368434
mcf_l1d_size_64kB	0.114612	1.146118	0.002734	0.000042	0.638579
mcf_l1d_size_128kB	0.114451	1.144510	0.002336	0.000042	0.747598

mcf_l1i_assoc_1		0.115552	1.155519	0.004395	0.000018	0.370389
mcf_l1i_assoc_2		0.115552	1.155519	0.004395	0.000018	0.370363
mcf_l1i_assoc_4		0.115552	1.155519	0.004395	0.000018	0.370389
mcf_l1i_assoc_8		0.115552	1.155519	0.004395	0.000018	0.370389
mcf_l1i_assoc_16	0.115552	1.155519	0.004395	0.000018	0.370389

mcf_l1i_size_8kB	0.195889	1.958887	0.002725	0.139088	0.012132
mcf_l1i_size_16kB	0.158933	1.589327	0.002725	0.074842	0.021807
mcf_l1i_size_32kB	0.132825	1.328247	0.002735	0.034885	0.044351
mcf_l1i_size_64kB	0.114612	1.146118	0.002734	0.000042	0.638579
mcf_l1i_size_128kB	0.114609	1.146093	0.002734	0.000018	0.644420

mcf_l2_assoc_1		0.115526	1.155263	0.004395	0.000042	0.365327
mcf_l2_assoc_2		0.115552	1.155519	0.004395	0.000042	0.368434
mcf_l2_assoc_4		0.115536	1.155363	0.004395	0.000042	0.367063
mcf_l2_assoc_8		0.115536	1.155363	0.004395	0.000042	0.365754
mcf_l2_assoc_16		0.115526	1.155263	0.004395	0.000042	0.365327

mcf_l2_size_128kB	0.115963	1.159626	0.004395	0.000042	0.414938
mcf_l2_size_256kB	0.115755	1.157546	0.004395	0.000042	0.392235
mcf_l2_size_512kB	0.115552	1.155519	0.004395	0.000042	0.368434
mcf_l2_size_1024kB	0.115342	1.153417	0.004395	0.000042	0.343247
